100
8 3 1
8 4 2
4 1 8
99999998 2 99999999
100000000 2 1
99999998 2 99999998
64948512 26032714 76150334
234064 39443 49757432
17287798 16969318 26838893
55651998 8061967 90190980
711146 160898 94607382
4 4 3
100000000 100000000 1
4103030 2571356 85407151
69621862 34298997 62515030
50369742 25460171 79423255
99999998 1 1
100000000 66328163 66192858
4 1 5
40545526 16320703 52501112
100000000 100000000 99999999
58488704 47209099 53205204
99999998 1 100000000
100000000 23410863 79565046
4 4 1
99999998 99999998 1
100000000 2 99999999
206490 141783 16059650
100000000 17032213 82717430
95154264 65957607 68139116
99999998 2 99999997
100000000 53291149 60809463
82525820 33772953 66398540
1446312 1379417 9672037
99999998 99999998 99999999
48619022 22266261 49968507
99999998 1 99999999
599164 27182 89857078
4 2 3
63350410 26784467 78485837
76718780 22791831 15359914
100000000 48686552 89847957
4 2 1
94096152 73972320 38867543
100000000 3008296 39837958
54438352 30553623 64900527
100000000 23487509 81927524
31034660 6294047 929030
99999998 99999998 99999998
100000000 99999999 100000000
16213810 14955344 46029107
335006 78472 57147957
40803270 30585594 83673043
92148800 35442780 14537106
99999998 99999998 99999997
4 1 100000000
46480980 41602810 64311691
100000000 38205505 78610224
89848188 37103135 30086366
47888782 43444197 61776416
4 1 3
60066338 9025831 3254229
48563662 10067266 47752216
61714364 40925065 74520386
100000000 700692 12564378
100000000 2 100000000
81333548 58725393 99443915
38776810 8715154 55506161
85235318 73303938 4937848
100000000 57176398 55374824
100000000 77919890 34757740
100000000 35424833 99410556
4 4 100000000
4 4 4
99999998 99999998 100000000
85122444 75066713 14577492
4 2 5
99999998 2 100000000
100000000 60248066 47996537
10689452 8581542 24827688
100000000 1 1
36430386 23911442 25774218
99999998 1 99999998
99999998 1 99999997
4 4 5
100000000 99999999 1
4 1 1
30907048 20757794 46895954
88148386 26487269 72700475
4 1 4
100000000 44891453 33722154
97073900 91150469 2710592
99999998 2 1
100000000 1 100000000
100000000 99999999 99999999
4 2 100000000
100000000 1 99999999
4 2 4
100000000 100000000 100000000
100000000 458432 71879509
