100
1 1 4
1 2 2
50 50 15
43 49 15
48 42 15
42 48 15
46 46 15
44 43 15
48 48 15
49 50 15
40 41 15
42 45 15
1 2 1
41 48 15
2 2 1
40 40 15
45 42 15
48 40 15
44 50 15
50 50 14
1 1 1
50 40 1
42 41 15
49 46 15
2 2 15
49 41 15
41 50 15
48 44 3
2 1 15
44 42 15
47 43 14
48 50 15
46 45 15
1 1 15
47 44 15
45 43 15
42 40 15
46 48 15
49 47 15
43 40 15
46 49 15
42 3 12
40 48 15
47 45 1
49 42 15
45 47 15
4 48 12
49 48 15
5 40 2
2 1 1
41 42 1
48 43 15
48 45 15
41 49 15
41 43 15
47 47 12
50 50 1
46 49 3
5 4 3
49 44 15
42 5 3
45 50 14
1 2 15
4 47 13
3 5 12
48 47 15
40 49 15
49 5 14
46 43 15
50 45 15
5 3 3
41 47 15
5 40 13
47 43 15
4 44 3
49 45 15
46 50 15
42 49 15
41 41 15
47 49 15
43 42 15
40 42 1
4 4 14
40 3 3
44 40 15
50 50 2
47 48 1
44 46 3
46 5 14
49 49 15
47 46 15
40 46 15
45 45 15
48 49 15
46 41 15
45 5 3
4 4 2
5 4 12
3 48 2
40 43 15
